36119
19350
30079
28238
15038
28352
12560
39060
3076
14417
35859
3396
65053
40279
59755
22315
20561
16871
25316
11437
50847
15589
9352
38996
60924
65094
47316
47189
9450
20980
34278
46401
19717
18029
15889
55142
20021
1426
19020
20989
34711
5239
43762
20780
3601
39944
38272
38516
8800
15613
19610
56482
41267
62869
40212
58079
46362
64298
52959
19609
46307
21944
9856
2946
40561
840
45650
16504
57317
28119
43508
475
19414
54189
11361
16332
60151
45146
28291
45981
29411
18491
9959
60730
10305
49549
8086
53794
55125
2277
45999
19340
59976
29660
44754
10037
56793
18414
36791
58843
